154,42,176
345,46,151
108,58,151
356,61,230
213,66,165
183,68,167
365,68,177
225,74,155
344,75,197
359,75,180
255,79,197
377,80,163
356,83,163
242,86,154
247,86,151
373,93,215
258,98,162
193,103,152
226,102,163
261,102,152
268,104,185
215,106,148
219,104,153
57,106,148
214,108,161
228,108,163
243,108,163
86,110,155
107,110,157
272,112,165
219,114,153
236,118,162
252,122,169
70,123,138
339,123,200
360,127,236
322,130,249
91,135,149
140,135,154
77,136,192
293,140,231
109,144,170
129,148,172
238,151,183
227,157,188
246,160,216
301,159,160
363,161,173
292,164,179
404,164,238
146,169,192
331,170,168
384,170,177
206,171,164
359,174,168
355,179,185
368,179,209
331,181,204
299,192,199
225,196,152
238,201,194
471,205,154
112,208,159
474,210,166
221,213,152
39,214,149
228,219,154
72,221,153
455,222,201
167,222,151
312,224,157
475,225,195
420,227,160
168,229,163
242,229,203
229,238,157
330,240,214
283,248,160
296,249,179
324,250,214
328,254,196
15,254,148
331,255,175
347,255,233
426,255,195
285,267,226
438,270,154
410,278,180
449,277,207
358,289,162
318,292,276
511,292,165
391,295,152
259,301,226
151,303,158
249,304,168
450,305,156
204,309,141
81,310,158
202,311,184
205,312,157
250,313,257
475,312,155
189,318,227
273,317,177
311,317,161
171,321,156
275,323,182
238,324,153
135,326,167
193,328,153
122,328,169
233,328,161
481,329,164
187,330,200
166,332,180
347,332,181
245,332,160
479,335,126
254,340,156
86,342,151
398,346,260
18,347,164
408,346,162
125,351,187
413,351,186
159,353,239
398,353,175
164,354,155
387,355,263
278,357,184
378,358,223
98,358,157
30,359,204
395,360,216
38,361,155
199,363,152
230,366,169
53,369,149
128,371,154
138,375,166
158,375,165
7,377,146
276,378,155
14,381,159
335,402,161
353,408,157
34,409,161
233,413,201
292,413,162
297,417,195
236,417,165
291,418,243
315,418,198
128,430,154
327,431,260
93,431,166
404,434,157
127,437,156
242,436,190
251,440,158
201,451,191
246,451,183
53,454,234
233,461,155
224,470,183
264,473,189
256,475,238
197,483,171
190,491,180
292,503,204
466,505,165
